temperature,humidite,CO2,PH
20.89,48.21,506.85,9.7
26.65,52.78,531.33,2.67
24.84,52.66,781.46,11.62
23.6,51.22,757.47,10.91
23.95,44.76,690.29,6.68
20.22,46.36,800.45,13.6
25.37,45.19,582.49,5.57
22.63,53.5,910.43,8.02
20.87,49.17,405.35,3.37
20.57,43.08,564.35,7.89
27.42,59.76,711.48,10.94
20.97,55.63,448.5,9.58
27.88,52.06,526.97,10.49
23.81,49.14,630.13,12.54
26.03,56.8,553.28,10.94
29.7,52.98,789.43,2.86
20.77,41.37,883.52,5.38
26.18,55.2,575.61,11.4
27.25,41.51,574.31,9.11
20.11,40.31,974.0,12.04
None		50.8		884.2		12.43		
[29.62000004]		54.78		438.03		5.2		
23.046000366210937		59.45		415.69		5.71		
16.0		59.79		626.31		4.31		
22.93		52.91		612.87		13.43		
22.47		50.16		979.95		6.32		
29.4		57.09		852.72		13.66		
23.0		59.3		403.75		2.44		
22.09		47.18		691.1		7.21		
29.59		54.97		815.94		10.23		
29.3		57.36		906.11		2.35		
29.17		57.85		901.99		5.31		
22.09		45.02		897.59		1.79		
22.09		41.98		871.24		3.75		
22.09		43.71		724.33		2.09		
29.61		54.7		748.13		13.33		
22.33		49.53		722.87		7.9		
22.11		48.76		714.32		6.69		
22.13		49.01		764.38		2.68		
22.59		50.58		417.13		9.93		
22.09		41.58		579.89		5.4		
29.48		55.57		438.72		13.71		
22.09		45.94		599.02		13.82		
29.17		57.8		631.04		6.96		
22.68		50.39		958.09		1.37		
22.09		45.47		535.15		8.95		
22.11		48.61		451.74		1.61		
28.87		58.43		778.92		13.31		
29.59		55.03		619.24		6.44		
29.5		55.78		647.32		12.54		
29.64		54.45		740.66		7.61		
22.09		46.8		423.92		2.87		
22.7		50.31		978.23		4.73		
22.09		45.48		892.88		10.02		
29.4		57.01		696.83		0.95		
22.53		51.44		484.36		6.84		
29.5		55.73		695.96		1.52		
22.04		48.03		631.43		8.77		
22.09		46.97		932.18		2.29		
29.65		54.19		558.43		12.61		
22.39		43.42		462.92		0.36		
22.53		51.39		809.67		3.66		
22.33		49.49		714.37		0.53		
29.5		55.8		844.67		4.36		
21		52.36		585.07		3.17		
21		58.74		959.04		8.25		
21		42.89		959.59		9.39		
21		45.06		743.33		4.22		
21		52.45		906.33		3.14		
21		51.56		992.2		9.63		
21		42.57		528.22		1.54		
21		43.22		659.05		5.25		
21		57.62		519.24		9.16		
21		58.08		608.18		0.6		
21		55.25		716.99		3.21		
21		57.52		938.1		5.99		
21		53.57		473.87		4.42		
22.09		44.36		439.37		12.42		
19.23		59.68		560.01		7.05		
22.09		47.48		780.09		5.21		
22.12		48.5		630.36		1.68		
22.7		50.29		961.47		3.81		
15.95		59.94		695.01		2.11		
22.39		44.27		597.31		0.3		
22.09		47.65		470.46		9.39		
29.5		56.55		761.82		4.79		
22.33		49.48		443.93		1.51		
22.09		44.44		859.59		8.47		
22.09		44.43		542.31		9.33		
15.93		59.97		416.79		7.63		
29.62		54.9		436.04		5.43		
28.87		58.44		825.57		3.77		
22.09		43.61		578.02		2.81		
29.19		57.56		513.66		10.07		
29.3		57.27		713.03		9.03		
28.86		58.33		824.74		9.1		
29.97		53.22		677.67		1.86		
22.54		52.48		414.29		5.05		
29.59		55.0		546.72		9.75		
22.42		49.86		568.67		3.12		
22.49		46.3		754.21		0.43		
29.96		53.95		589.85		4.68		
22.09		46.01		652.1		1.87		
29.97		53.19		797.79		0.54		
22.09		43.69		469.89		13.84		
22.61		50.67		766.56		1.44		
29.97		53.49		933.46		9.58		
22.09		46.25		522.28		13.3		
16.0		59.85		727.99		12.46		
22.09		44.95		955.49		12.82		
29.5		56.39		709.1		12.4		
22.09		40.74		717.73		5.8		
22.54		51.12		416.07		7.87		
22.1		57.33		893.04		0.5		
22.09		44.32		800.19		11.86		
22.54		52.77		580.19		7.76		
29.69		54.3		953.41		10.1		
22.09		41.06		623.23		12.09		
29.64		54.47		897.86		4.41		
22.54		51.95		619.6		2.86		
28.88		58.08		605.55		11.08		
22.09		42.26		590.48		9.4		
29.5		56.16		844.95		2.85		
22.09		42.64		489.87		13.48		
29.09		56.93		687.35		7.3		
22.59		49.73		593.47		1.44		
29.97		53.24		701.55		10.94		
22.09		46.07		613.86		1.17		
22.09		43.41		488.73		10.83		
22.09		43.53		546.17		9.08		
22.08		48.12		690.58		10.81		
22.61		50.72		614.28		2.82		
22.09		47.83		796.2		4.35		
22.09		41.56		979.23		2.73		
22.09		45.9		879.84		9.47		
28.87		58.61		479.58		12.87		
22.09		40.43		465.51		2.87		
29.62		54.76		920.85		13.64		
22.54		52.73		507.17		8.69		
22.09		46.65		941.37		8.49		
22.18		49.19		729.79		8.36		
22.09		46.18		410.02		9.42		
22.53		51.36		510.92		3.87		
22.11		48.92		643.57		1.36		
22.09		40.95		641.13		4.26		
22.18		48.26		664.75		12.07		
22.54		52.13		948.41		7.99		
22.04		48.02		449.6		2.08		
29.5		55.85		715.58		8.71		
22.09		42.41		615.0		1.86		
29.65		54.22		782.08		0.89		
22.09		47.51		675.73		4.1		
28.9		58.28		982.1		11.18		
15.93		59.96		730.58		10.3		
16.0		59.8		703.38		6.51		
22.93		52.92		930.2		13.23		
22.15		48.36		745.88		11.32		
29.62		54.86		776.33		4.2		
22.09		46.52		767.02		5.36		
22.09		46.64		885.42		12.31		
22.09		44.67		471.86		11.24		
29.97		53.5		440.21		7.56		
22.55		50.99		758.66		3.23		
22.09		47.47		705.67		6.72		
22.09		47.33		941.85		13.01		
22.54		52.68		998.68		1.25		
22.64		50.79		673.62		9.08		
22.55		51.02		729.8		4.98		
22.12		48.48		818.13		3.09		
22.09		40.43		934.15		8.73		
22.09		43.15		431.3		0.51		
15.95		59.9		677.64		10.8		
22.63		59.48		881.51		10.16		
19.23		59.65		617.4		4.94		
22.09		45.9		518.18		9.2		
22.48		50.13		725.53		7.95		
29.5		55.93		909.61		7.24		
22.13		49.04		785.22		11.84		
29.17		57.81		602.27		9.03		
29.5		56.74		746.16		5.29		
22.54		52.23		749.19		12.49		
22.54		52.43		402.84		7.28		
29.96		53.89		798.01		10.02		
22.11		48.8		592.68		10.14		
22.09		40.49		789.29		13.39		
22.04		47.92		506.61		5.63		
22.47		50.18		543.95		7.8		
22.09		44.1		655.98		12.24		
29.5		56.43		571.23		4.61		
22.09		43.06		593.68		6.48		
29.97		53.31		886.84		0.8		
22.09		44.91		993.68		11.94		
29.5		56.22		595.2		5.87		
22.09		43.53		889.48		7.06		
22.54		51.11		674.94		6.05		
29.5		55.93		950.99		12.21		
22.12		48.45		496.46		12.79		
22.09		43.91		780.08		5.56		
23.0		59.33		654.42		5.62		
28.86		58.35		784.04		8.18		
22.09		44.57		505.37		4.52		
29.46		55.35		414.93		1.78		
22.09		44.26		532.5		2.51		
22.18		49.21		642.68		3.84		
23.05		59.41		791.51		3.01		
22.53		51.38		935.21		3.46		
23.13		59.1		604.12		4.98		
29.24		57.52		886.35		5.37		
29.5		56.07		680.62		2.44		
28.87		58.39		686.1		1.69		
22.09		42.09		492.37		8.19		
22.09		41.98		724.52		8.5		
22.09		42.35		633.17		7.25		
29.48		55.53		782.07		3.42		
29.62		54.86		946.59		3.49		
22.09		40.3		945.77		10.44		
29.96		54.03		811.31		2.19		
22.09		47.55		931.24		2.26		
23.13		59.14		441.07		4.41		
22.53		51.43		607.26		10.64		
29.5		56.64		858.09		10.08		
22.09		47.51		948.19		1.78		
22.09		42.65		715.29		2.71		
22.42		49.9		650.96		5.68		
29.49		55.63		947.04		3.07		
22.09		41.69		416.73		12.5		
22.09		41.3		406.15		4.73		
22.09		40.45		420.48		11.29		
22.54		52.45		926.14		8.12		
22.48		50.06		921.82		11.56		
22.67		50.41		661.65		7.81		
22.09		45.81		449.51		9.86		
28.94		58.24		587.76		1.65		
29.5		56.67		905.71		10.35		
22.09		43.25		914.2		10.69		
22.54		52.63		836.75		9.97		
21.63		51.23		555.93		0.25		
22.93		52.93		742.81		11.22		
28.87		58.57		439.66		11.95		
29.3		57.3		565.36		3.32		
29.4		56.96		559.34		9.54		
29.55		55.19		855.7		1.97		
22.53		51.32		655.89		10.73		
29.4		57.19		568.62		13.29		
22.39		42.26		609.88		0.17		
22.09		45.32		450.68		5.33		
22.09		46.48		704.45		3.62		
22.51		46.44		422.94		0.12		
22.09		47.21		712.31		6.05		
22.09		40.96		925.63		1.48		
22.54		51.79		581.4		3.24		
15.95		59.92		786.03		5.37		
22.09		44.24		753.11		11.14		
22.09		44.07		671.85		11.21		
22.64		50.81		770.99		10.36		
22.61		50.73		585.88		4.86		
29.19		57.61		808.38		1.25		
22.14		49.06		596.12		5.63		