temperature,humidite,CO2,PH
24.93,42.71,688.12,11.97
26.29,46.09,648.82,7.82
20.29,43.75,762.88,11.24
21.8,52.64,564.85,1.39
22.7,58.94,834.02,6.96
24.04,49.71,538.55,0.81
24.25,49.5,938.05,13.02
27.24,52.47,762.9,11.37
24.56,57.91,735.84,5.57
29.31,56.99,823.37,13.22
22.91,56.77,742.89,5.5
26.62,59.11,634.01,6.27
25.71,42.48,789.1,5.02
27.77,58.3,914.99,9.82
29.71,50.76,419.37,9.06
20.03,53.29,607.08,10.86
21.53,40.08,954.83,2.24
22.99,48.02,523.61,0.33
28.67,56.15,912.7,12.49
25.25		52.12		803.79		2.48		
23.31		46.39		503.79		3.68		
27.37		44.97		652.82		9.92		
23.04		40.49		892.21		9.95		
28.69		53.97		873.25		0.66		
28.82		46.97		671.62		4.87		
29.64		55.84		535.22		11.48		
20.87		55.62		532.9		6.34		
23.08		59.59		652.09		13.72		
23.52		59.03		716.41		7.02		
22.22		58.57		582.92		6.51		
22.98		48.52		931.51		12.75		
22.81		47.86		830.82		5.41		
24.76		48.05		787.95		2.1		
21.41		45.22		742.5		11.71		
29.74		47.69		890.47		7.4		
23.95		44.21		751.58		8.17		
26.42		45.24		907.95		10.03		
26.9		52.45		540.64		6.9		
23.75		55.15		725.05		6.5		
21.02		45.33		794.33		9.86		
26.03		57.72		804.92		13.71		
22.26		54.59		580.27		2.87		
28.67		49.51		842.19		4.05		
29.42		49.56		567.41		9.52		
27.46		51.28		948.63		6.47		
23.2		47.05		854.64		5.93		
27.81		55.44		726.54		11.31		
24.46		56.09		473.16		13.51		
25.69		56.8		481.71		9.44		
22.62		58.42		555.3		13.17		
21.27		43.39		969.14		11.14		
29.15		41.36		460.97		1.83		
29.39		51.47		755.78		12.54		
22.65		49.79		497.55		11.37		
28.44		45.14		910.55		7.71		
25.07		56.89		931.73		1.04		
25.46		56.73		682.5		5.13		
20.41		46.25		795.84		12.99		
22.32		40.71		620.23		3.06		
21.58		40.32		866.71		8.05		
27.2		50.35		712.36		13.21		
24.85		40.71		458.81		1.52		
24.95		48.24		902.51		4.31		
26.09		47.65		785.91		1.84		
25.69		41.39		423.72		10.13		
25.18		55.4		536.16		13.02		
24.97		52.24		537.44		5.58		
26.82		40.41		601.97		13.62		
21.64		44.72		794.27		2.77		
23.3		53.83		841.7		0.73		
24.52		56.84		460.36		10.9		
22.21		47.45		567.02		13.01		
23.67		40.87		498.77		7.65		
22.73		49.22		974.65		12.78		
29.95		50.54		693.29		8.88		
22.21		59.04		450.33		13.83		
22.29		51.18		566.1		0.54		
20.23		45.22		501.73		2.09		
24.35		53.54		486.75		13.7		
28.19		47.57		781.02		3.84		
26.03		51.54		704.9		4.86		
26.56		46.96		821.72		7.07		
22.31		43.15		721.31		4.88		
25.76		43.66		984.27		3.35		
20.76		53.19		796.84		13.61		
27.56		55.2		819.01		0.72		
21.43		54.96		738.68		11.98		
20.7		46.28		463.5		13.31		
20.62		51.62		547.58		12.38		
24.89		46.74		488.55		10.9		
21.81		48.99		914.71		6.26		
25.97		51.2		486.24		10.18		
22.75		50.99		907.08		1.61		
22.61		52.16		436.58		11.42		
29.13		47.07		607.96		10.55		
25.67		44.25		568.22		10.53		
28.37		53.82		615.11		11.79		
21.01		56.45		554.23		5.61		
27.17		55.34		474.9		12.42		
21.25		47.47		429.34		3.96		
20.77		40.65		942.55		10.14		
28.9		41.2		484.81		6.31		
29.8		53.43		613.41		3.65		
29.84		47.08		644.73		12.59		
26.49		55.12		421.29		6.05		
29.56		57.3		683.23		2.79		
24.87		58.95		970.85		1.66		
21.51		42.99		409.92		13.37		
26.66		49.65		748.93		12.96		
22.45		57.85		819.22		12.98		
28.89		45.23		508.53		10.7		
29.2		56.78		732.26		5.71		
22.16		40.22		997.48		8.52		
26.42		50.6		806.29		0.32		
29.48		58.09		585.12		6.35		
26.25		57.27		548.32		12.49		
25.69		46.33		995.48		9.84		
28.25		48.22		488.95		10.61		
20.77		48.61		796.09		0.61		
24.81		56.06		872.04		7.36		
25.78		48.95		921.66		2.71		
24.48		42.92		882.75		3.33		
20.07		56.08		674.75		9.78		
22.6		53.34		478.08		2.76		
20.74		53.68		915.51		2.02		
27.98		53.92		828.46		8.07		
24.06		40.74		731.42		4.09		
27.65		46.92		414.29		7.89		
28.21		59.16		728.63		8.54		
24.05		49.15		661.83		5.21		
20.1		48.53		760.23		11.32		
29.82		59.05		841.36		12.34		
22.34		53.68		814.11		6.74		
25.43		58.74		640.87		11.25		
23.1		53.57		622.58		3.68		
22.83		59.61		598.76		5.48		
22.53		41.19		984.05		2.2		
23.44		50.39		829.1		6.99		
27.45		55.69		955.19		13.16		
28.82		51.89		696.39		7.3		
25.16		41.92		861.85		10.56		
28.99		50.31		419.02		9.02		
23.84		59.81		690.3		7.23		
25.96		40.0		431.97		0.87		
21.17		53.19		638.2		5.06		
20.46		40.23		787.1		2.81		
28.25		50.6		629.54		13.25		
22.31		59.79		620.88		3.99		
22.53		53.43		576.04		13.13		
20.6		45.4		535.79		5.38		
20.86		44.95		406.57		4.66		
26.28		51.34		756.17		7.8		
24.43		50.44		732.38		2.37		
24.97		57.63		728.79		10.63		
26.51		41.05		529.09		9.31		
23.93		43.46		623.5		9.91		
21.35		48.58		655.26		12.66		
26.64		57.25		498.47		8.28		
24.68		48.16		510.2		7.89		
28.77		53.98		770.08		7.65		
27.46		42.31		790.62		2.4		
20.3		57.05		823.93		7.22		
29.36		48.35		603.02		7.42		
26.35		55.32		663.69		3.4		
20.12		50.08		560.46		2.36		
26.2		45.7		603.86		10.8		
29.95		54.07		469.84		12.97		
23.84		59.8		923.35		7.77		
25.26		59.67		528.82		4.19		
24.58		53.9		566.96		12.45		
26.12		51.48		997.5		4.09		
26.53		56.48		496.52		5.85		
27.68		52.2		801.79		2.11		
21.19		56.81		807.92		8.44		
22.55		45.58		568.9		0.99		
26.5		55.85		947.09		12.86		
23.74		59.05		599.44		5.17		
27.3		40.22		907.06		8.59		
28.71		41.53		818.78		0.49		
24.4		40.34		440.69		7.69		
25.76		48.24		792.26		5.44		
28.14		54.06		837.15		3.96		
21.41		57.32		432.22		1.68		
22.52		55.61		939.82		9.0		
27.17		53.0		983.32		8.42		
24.84		53.62		501.94		3.48		
27.07		58.95		570.61		6.14		
27.07		43.49		540.67		2.46		
20.93		52.7		486.84		1.52		
23.35		58.29		987.72		9.47		
28.7		46.51		807.23		7.38		
20.84		51.98		576.97		4.91		
28.6		48.13		761.41		3.0		
23.6		41.16		495.78		2.05		
23.73		46.28		917.52		0.79		
21.68		40.55		995.7		4.48		
23.99		57.84		543.66		2.88		
22.64		49.65		577.81		11.03		
29.33		43.7		471.41		3.89		
20.9		41.52		502.25		2.26		
27.96		52.35		872.61		11.56		
20.66		51.06		820.04		0.54		
21.58		46.07		431.64		3.67		
29.48		52.94		818.31		13.26		
26.75		41.49		968.6		13.66		
22.67		54.25		600.53		4.44		
24.09		46.14		745.23		11.36		
20.33		44.44		600.55		11.03		
20.25		55.47		742.26		13.28		
24.49		57.08		964.86		8.59		